[gd_scene load_steps=7 format=3 uid="uid://dprq1y0lanhkc"]

[ext_resource type="PackedScene" uid="uid://cu55pejndo8j3" path="res://character_body_3d.tscn" id="1_kmu22"]

[sub_resource type="ProceduralSkyMaterial" id="ProceduralSkyMaterial_4ov6g"]
sky_horizon_color = Color(0.66224277, 0.6717428, 0.6867428, 1)
ground_horizon_color = Color(0.66224277, 0.6717428, 0.6867428, 1)

[sub_resource type="Sky" id="Sky_lt0k2"]
sky_material = SubResource("ProceduralSkyMaterial_4ov6g")

[sub_resource type="Environment" id="Environment_ie1e8"]
background_mode = 2
sky = SubResource("Sky_lt0k2")
tonemap_mode = 2
glow_enabled = true

[sub_resource type="BoxShape3D" id="BoxShape3D_kmu22"]
size = Vector3(1.857666, 1.6512451, 1)

[sub_resource type="PlaneMesh" id="PlaneMesh_4ov6g"]

[node name="Engineering World" type="Node3D"]

[node name="WorldEnvironment" type="WorldEnvironment" parent="."]
environment = SubResource("Environment_ie1e8")

[node name="DirectionalLight3D" type="DirectionalLight3D" parent="."]
transform = Transform3D(-0.8660254, -0.43301278, 0.25, 0, 0.49999997, 0.86602545, -0.50000006, 0.75, -0.43301266, 0, 0, 0)
shadow_enabled = true

[node name="CSGBox3D" type="CSGBox3D" parent="."]
transform = Transform3D(1, 0, 0, 0, 1, 0, 0, 0, 1, -0.031864524, -0.8925073, 0)
use_collision = true
size = Vector3(19.99414, 1, 52.69043)

[node name="CharacterBody3D" parent="." instance=ExtResource("1_kmu22")]
transform = Transform3D(1, 0, 0, 0, 1, 0, 0, 0, 1, 0.40231764, 0.44224226, 0.10697675)

[node name="Camera3D" type="Camera3D" parent="CharacterBody3D"]
transform = Transform3D(1, 0, 0, 0, 0.89977115, 0.43636212, 0, -0.43636212, 0.89977115, -0.10712272, 1.7983612, 2.8063781)

[node name="TPToMain" type="Area3D" parent="."]
transform = Transform3D(1, 0, 0, 0, 1, 0, 0, 0, 1, -1.7471918, 0, -12.39326)

[node name="CollisionShape3D" type="CollisionShape3D" parent="TPToMain"]
transform = Transform3D(1, 0, 0, 0, 1, 0, 0, 0, 1, 0.1282959, 0.32562256, 0)
shape = SubResource("BoxShape3D_kmu22")

[node name="MeshInstance3D" type="MeshInstance3D" parent="TPToMain"]
transform = Transform3D(1, 0, 0, 0, 0.05397421, -0.9985423, 0, 0.9985423, 0.05397421, 0, 0, 0)
mesh = SubResource("PlaneMesh_4ov6g")

[connection signal="body_entered" from="TPToMain" to="CharacterBody3D" method="_on_tp_to_main_body_entered"]
